303132512
326917013
300960464
202893739
100658411
328348972
330428974
334489617
306713143
306713149
323420719
205652215
204069720
333293834
205193137
301233991
100208442
330630388
100142737
202046213
202046215
100157047
301461651
308702586
312948810
319012025
319166583
310137848
203110583
203919986
320064827
336612419
312468432
203681792
300937586
100207696
319526965
319908313
319526973
315445886
319933210
329195153
206767140
203367153
315076919
100658400
317037013
323406845
322838913
322838917
310281484
314292782
313483106
323830662
326474647
319537197
203111681
203630469
301578816
320268534
335483427
100615066
206614118
324248882
308561422
326447216
326447213
312309203
333976133
301289368
327216863
305936955
317035752
327163212
202327305
326579131
326130250
202868026
100387754
203419431
329023506
100671103
319601370
100208417
329610621
314256315
321411888
313556123
312230832
312230827
318875496
312230833
312230850
206767695
312230828
312230835
312230843
312230851
312230845
312230847
312230842
312230834
312230848
312230829
312230844
206767697
313455096
202517700
316879149
313258651
203812625
333568017
307939522
206354298
202519825
332043376
301900057
202519811
319385269
206965318
321995240
321995342
305501124
330291866
206721480
207103158
323605717
336495695
313455062
314896491
330228812
330510879
325306526
330480537
326403337
314896475
100174319
310275111
325683432
309704160
206602328
205188843
207024935
331161943
331161873
325344053
317025704
300513205
306529678
312768939
317361534
203952715
320268525
203952702
203630471
202965222
202536027
309410885
321710543
330839526
336019040
318284642
100114530
311931118
312032573
332952474
207024877
327568545
322278481
206721481
311532380
326590325
100674086
327959034
202206443
331285375
202206442
313780023
313780020
321769847
330180290
203216667
315632215
202316476
305718393
202872027
202564756
206409667
203539508
205190983
330609607
100356519
319855096
312019505
204632775
304639250
100356512
309704163
202046231
202353321
204326730
206767720
204981699
304474355
301651666
301157942
312936681
301146318
301983348
999999999
332680159
100123400
301157975
327491022
327491173
327491205
318744189
100190859
303330830
313556995
313556982
324835719
202039354
317774739
321180763
313556994
319984828
318065280
327594894
317774780
323208107
100356517
311574836
310114074
206602316
301157960
202046239
304736527
315606115
202046234
315870711
313556991
319285705
329023509
303050525
307836578
314191142
204326726
202039352
100191487
300117125
203274430
329236396
100157760
100356520
325761183
100674012
310136104
310114084
320476528
320181232
314816398
312395697
202993881
312395695
100194428
319127257
304217565
301879458
100201548
318710849
202097513
313219902
323276278
325135743
333293856
302856164
206593046
333370301
313780373
313528135
100170809
202040755
317187529
328078582
323276275
332310541
202518717
321141174
303197808
301697673
320536036
317233129
205430287
100664958
301689086
202721851
321234550
308051396
316358430
204465532
332680147
313780016
318680497
309786900
312264291
100005006
317899647
305551875
329610616
317274459
320130420
204836377
100396934
318527391
203678308
203678290
303667198
314947310
307727605
320038446
326314683
313236912
304798356
203085523
325577637
312845470
202258943
326314694
316887856
327490886
324665841
320967952
318145796
325854178
325854158
317733725
205092277
206586064
325480764
317274618
324111737
324076954
205554681
329191073
303780867
315156303
313874127
300717184
301555251
307938325
305955367
100047600
207191026
100674007
202038778
206802138
317041467
325947035
303780872
312375967
202038781
312387482
204326114
203589540
323224060
319390506
202038762
319723575
206973970
205031560
313078495
316548991
310775243
323933596
206031893
320109472
317478094
320481951
203191792
302855798
320885910
319238483
313697837
322320136
205441880
302473172
323933585
318613045
322320221
319038852
305445334
319723492
207043336
317274602
322198124
318145795
322479960
303741400
320930543
202827224
313693644
318998212
322479982
307653832
203200440
204475445
318289541
324190400
324126350
312889872
326291292
329881429
320865454
100087613
308577341
312092037
326121485
323224070
204606576
316549140
322278383
205341549
324889032
318572603
316334789
206512094
323676295
328623867
202960408
100371839
100211722
313697813
326194696
202516589
202516587
317275315
206891069
317523684
329144251
314367228
311196042
205523418
207070010
311332617
202516586
300687627
330368896
318035299
205558109
326158907
320804840
325290496
319286995
332607228
316790224
204785753
204785746
204786478
204785805
204785793
202192876
311332543
306625652
321857379
312593005
307707901
307707894
206502729
308061910
307707900
312665549
314814419
304720989
304921174
309474869
309474895
204786196
321620958
309210273
302775856
300997599
302775848
307244961
304093235
302621235
309996616
318924439
321710854
331592545
202831068
202669918
302666834
305663912
204786483
202831067
309474875
302942628
321367180
309474883
204748838
320080969
204783720
311276301
326354449
323276273
316351910
202264045
309210294
302755763
205908475
202947675
202077813
314671276
309210151
329846953
316146256
308345304
319352718
309474878
204785718
202256107
312026397
323796111
320988901
205489054
324172656
314242776
304720983
321426572
331257401
314293511
327866829
314293510
202529733
311695254
323699244
313556973
330149465
303255122
202039373
316146275
324496043
316697795
317478105
207211281
328377290
314156005
306380611
316147069
313556964
302666822
205397730
319799459
300827567
320775908
202022622
328278602
328275497
205609731
312106500
205876384
205381448
312026386
204667035
202039367
312026381
311956612
319363657
313556970
204465406
206442452
324308355
325987764
309336973
310766777
203017053
205510232
320161429
303255121
207175386
206135529
313984876
327795399
325607040
314502418
308346117
205649040
320142536
305553549
206159603
308391133
322679976
202669363
202518493
205170085
309828851
323900413
308507193
323511527
318337915
303196145
310114071
329566302
324928348
320161332
100496136
207161878
310114080
322050340
328376984
325109930
206613535
206613534
307630217
325075354
203495872
203672420
316514940
205185864
308502857
204280602
203176340
323902796
310251706
206613533
307749054
317845395
206339703
302928164
302793719
316244320
307281681
203178168
302928165
319785555
204746935
205369502
316968642
202534174
316462488
316112553
311656441
318943730
325045530
203287736
311633919
318258381
311655866
326113216
306625662
335185696
325045533
327829254
313026458
314537432
319785554
301844754
205596756
100164324
100205902
325398318
319910706
328050245
203781263
202264044
308729618
306918403
301703779
302928158
303235610
205926227
312147172
205755863
100098835
202696165
314009695
323286455
322615903
202690263
311182302
303196148
204072184
323565221
205864344
203732387
326781438
304590942
202065840
100212006
326064933
202021698
100008676
202035223
305961563
318287044
317792776
308623047
100029053
205051369
307573071
318676831
322684328
317792953
202520446
314857619
203194865
203194863
203194867
206526607
203978388
320379956
304347416
320009651
320687328
205908360
205907831
206007131
313527896
319867027
100318194
100201522
202563279
205421841
202563281
301776000
320063601
320258181
320258184
302473009
203111644
312731855
308728574
202088535
205647370
318108673
310363529
202985582